AÇI;PWM
22.421359999775564;975
32.968748641703314;975
35.32800212865428;975
37.265796526704044;975
38.98754350761099;975
42.70469247822081;975
50.44502836156692;975
54.44686616093905;975
55.958320622379695;975
60.645254812472146;975
63.25253325627212;975
64.24139872004957;975
66.99877015097269;975
68.25203514003755;975
68.41988448550578;975
69.97957143985631;975
70.57164192812972;975
71.74987289158528;975
72.07528810115832;975
72.88220508639347;975
73.02168579590455;975
73.66152281879894;975
73.66878639821809;975
74.17541129623363;975
74.09532133871238;975
74.48497599971816;975
74.40594746865396;975
74.7597089700862;975
74.72547325519832;975
74.30707436970657;975
74.7037467182167;975
74.66683940007762;975
74.2690796890498;975
74.72258325563556;975
74.71429654803195;975
74.42995556408687;975
74.80970159911203;975
74.8195554189739;975
74.49972073516003;975
74.88507304945256;975
74.85771409357645;975
74.36395647660815;975
74.68932770750156;975
74.54047552446592;975
74.75874583441376;975
74.7350085586339;975
74.28329327191281;975
74.71498390224998;975
74.69528517474961;975
74.36203119277818;975
74.75551569503445;975
74.76712631317193;975
74.51984841469276;975
74.89790460764496;975
74.88492840775591;975
74.60039549843191;975
74.9588548361352;975
74.99843298549784;975
74.73068273719113;975
75.07621505436497;975
75.04755566047493;975
74.73911168786816;975
75.11766155609004;975
75.06930652066248;975
74.72422673816274;975
75.06726051515992;975
75.08868324330753;975
74.7685983314073;975
75.09288869590729;975
75.00315632816677;975
74.56015873677579;975
74.88373729570978;975
74.86558711620528;975
74.42757318586965;975
74.77694983726857;975
74.8450251140029;975
74.49477874799426;975
74.87692074701185;975
74.84893621478756;975
74.37930358888819;975
74.76841352712191;975
74.74581556866858;975
74.30923817430869;975
74.77604856841057;975
74.68129514428739;975
74.24065514986684;975
74.66552534830414;975
74.6577377947762;975
74.21039632258281;975
74.67685671616127;975
74.65708238988772;975
74.24349875869652;975
74.67055919231312;975
74.67608710072733;975
74.42028600426227;975
74.8133318687212;975
74.82729234901787;975
74.4971643642273;1000
74.6905307397635;1000
74.5033533270051;1000
73.96313305687184;1000
74.65351676111568;1000
75.04624108867907;1000
72.86435067865705;1000
72.60738917393681;1000
73.17907873687372;1000
74.09666992176116;1000
74.45958430764522;1000
74.14095683592025;1000
73.81660785239573;1000
73.92452011862952;1000
73.90966095786005;1000
73.9044405816527;1000
73.68586123208753;1000
73.38177436206405;1000
73.48713065697882;1000
73.7882763203297;1000
73.7452883277564;1000
73.62394113148173;1000
73.5445980305073;1000
73.67772018325235;1000
73.82767532114654;1000
73.34190656519223;1000
73.16305857289126;1000
73.77182683183779;1000
73.57851268122656;1000
73.29710859487257;1000
74.00403453370727;1000
73.59725839105184;1000
73.37440566269782;1000
73.71759700338036;1000
73.25667151548585;1000
72.51627896840851;1000
72.89714626458989;1000
72.69136165008385;1000
72.28602341500233;1000
72.85639372160675;1000
73.24833837783358;1000
72.741125318862;1000
71.872155794964;1000
71.83813189037843;1000
71.37248511318;1000
71.42580775552376;1000
71.25188294266538;1000
71.32859440696427;1000
72.25187978954044;1000
72.28422484136632;1000
71.73482471922532;1000
71.86718138445055;1000
72.07858228280365;1000
71.90273592778172;1000
71.9478764085921;1000
71.86004043829408;1000
71.53591131445165;1000
72.10066727767737;1000
72.1304898915551;1000
71.9837561159403;1000
72.8114933292119;1000
72.40213657738012;1000
72.79024281760692;1000
73.82563807857773;1000
73.07822578008222;1000
72.71405680834464;1000
72.81034635327124;1000
72.92288451561298;1000
72.60264866666583;1000
73.1588818491298;1000
73.12400369252687;1000
72.37063915111978;1000
72.98019893363629;1000
72.57945882276817;1000
72.40465130196206;1000
73.1149460094304;1000
71.94690146882124;1000
72.30826567330767;1000
73.16027833051216;1000
72.77530553998095;1000
72.35359297217045;1000
72.71161341907217;1000
72.15816428897388;1000
72.25441656782732;1000
72.78314125179477;1000
73.1952279009359;1000
72.44094975737998;1000
72.39232437296286;1000
72.5852000445409;1000
72.47094605697025;1000
72.4172913895981;1000
72.22855630277466;1000
72.5425973770543;1000
73.00878050059829;1000
72.80486452828991;1000
72.71518082665395;1000
73.09046035463473;1000
73.24346825396573;1025
72.48739142699421;1025
72.18815470365294;1025
71.680929273031;1025
70.73762670310755;1025
70.26799436998398;1025
69.7306457219859;1025
69.34394765088108;1025
69.21203686503665;1025
69.30945186128086;1025
68.38184517836821;1025
68.52291412115956;1025
68.11298762406909;1025
68.7592204829817;1025
68.8881389945627;1025
68.96618482912105;1025
69.1769150700539;1025
69.05520889734751;1025
69.52568210518335;1025
70.06741258571306;1025
69.3213922418727;1025
69.10583100233167;1025
69.44606276448717;1025
69.42978820469038;1025
69.24202106816566;1025
68.60340233565323;1025
68.83706488856329;1025
68.53383649322464;1025
69.16033721767096;1025
69.22355263396818;1025
68.77725623487662;1025
69.87365410810158;1025
69.24285982797886;1025
68.89169041548303;1025
68.83857430886913;1025
68.0514057201007;1025
68.30005869750904;1025
68.23563140810276;1025
68.12008554517685;1025
66.89759331911344;1025
67.88429188584333;1025
68.10622506371499;1025
67.81767515553936;1025
68.91615525323535;1025
69.22900112805996;1025
68.79123173292771;1025
69.52631142870526;1025
68.90958467398313;1025
68.41863312093173;1025
68.58601848245742;1025
68.49658057337949;1025
67.65106639324847;1025
68.03242574708341;1025
68.73351429252475;1025
68.20194343800215;1025
69.4763659729905;1025
69.76169759338961;1025
69.80173595457138;1025
69.29924801827636;1025
69.08871736986427;1025
68.30250606341626;1025
69.15459552852286;1025
69.66254096470159;1025
69.00981062757192;1025
69.75731408737252;1025
68.35010938291282;1025
68.06353831620447;1025
68.98374384522246;1025
68.67201976306983;1025
68.62424598037259;1025
69.32761654621622;1025
69.71017918273624;1025
69.11628480887522;1025
69.7137771431888;1025
69.21639953567568;1025
68.12201567148573;1025
68.82433894855224;1025
68.39698863164898;1025
67.48647039722788;1025
68.60285231555143;1025
68.7396777873409;1025
68.99595035394557;1025
68.52686380919923;1025
68.04685879015169;1025
67.54006062934096;1025
68.3935989737142;1025
68.3792742219308;1025
68.25048547313139;1025
68.65031661734668;1025
68.56187610380911;1025
68.3010728139277;1025
69.33178861633786;1025
69.46110400070877;1025
69.9519250223598;1025
69.63403696261871;1025
69.19978072787309;1025
68.3983623539205;1025
68.72005818085722;1025
68.514228345125;1050
69.06193633362402;1050
69.43785779169028;1050
67.93974174005352;1050
66.37991789519229;1050
64.84827544251428;1050
63.15781040056213;1050
61.843081959467696;1050
61.21942340664153;1050
59.52265471573061;1050
58.226838538525804;1050
56.60605953605224;1050
55.89200941580614;1050
54.747280744173864;1050
53.84866965570218;1050
53.463137867779785;1050
52.79927883196979;1050
52.98258549183266;1050
52.53809172973842;1050
51.84001113424473;1050
52.55403740070455;1050
52.24945591871212;1050
52.30210821001414;1050
53.062102523239666;1050
53.10866889000598;1050
52.51075743299548;1050
51.826327584620635;1050
51.289804918903634;1050
51.83961210423982;1050
51.422699716348845;1050
51.88812821115615;1050
51.88580303249534;1050
52.48073698488056;1050
52.3917214806978;1050
52.49142400778156;1050
51.92394237278377;1050
51.550964597696684;1050
51.95934624837579;1050
51.59211826369571;1050
51.30274327268878;1050
51.18753425010723;1050
51.36213167000796;1050
50.84008882042764;1050
50.90107894338132;1050
50.74227077196981;1050
50.49388698027736;1050
50.33321770476159;1050
50.63501724489146;1050
50.107596742579304;1050
50.25329239039805;1050
50.36015285985578;1050
50.55543265965549;1050
51.405296501268765;1050
51.44248770058716;1050
50.59926036849285;1050
51.06513072574942;1050
51.12078015716119;1050
50.76953973042482;1050
51.58489773995287;1050
51.50008800681581;1050
51.11161322992274;1050
51.09121192895397;1050
50.63930292769734;1050
50.35521692412296;1050
50.6938869957865;1050
50.12444799858277;1050
49.66032252423621;1050
50.56146539636859;1050
50.117482623931664;1050
50.06440643707979;1050
49.929784662233686;1050
49.4115852522927;1050
49.31977090632164;1050
49.67414969589869;1050
50.05130592150867;1050
49.51006859600247;1050
50.49804512697585;1050
50.010090614475665;1050
49.45630542707104;1050
49.761650125734604;1050
49.51842705874602;1050
48.59681445889349;1050
48.8583276839448;1050
49.22841234958038;1050
49.32434583383828;1050
50.524068623032136;1050
50.34321653720961;1050
50.12098884343256;1050
50.67229753140742;1050
50.63490120339283;1050
50.27185959819205;1050
50.78447172119863;1050
50.769641538366436;1050
50.546491017138806;1050
51.33513506844845;1050
51.177653931098504;1050
51.059816185153515;1050
50.908645317156015;1075
50.15071448816869;1075
48.93829358609163;1075
49.766694770442726;1075
51.086883825614265;1075
51.48339957817318;1075
53.758621266659276;1075
55.34381213958337;1075
55.386599224612056;1075
57.16532645672899;1075
57.80249328044082;1075
57.79140904492001;1075
57.95712790816103;1075
58.1727581143653;1075
58.283850595610076;1075
59.08481286385388;1075
59.53385993594202;1075
59.20584419014753;1075
60.151175020944976;1075
60.258108266579214;1075
59.63813011638698;1075
59.951598746982526;1075
60.36878387701625;1075
60.23150081119493;1075
59.9959644821129;1075
60.128593268697536;1075
59.66686236271392;1075
60.848448435994136;1075
60.45859961846164;1075
59.92297119994747;1075
60.82160905635291;1075
60.56118732538893;1075
60.337453594475285;1075
60.539383973420385;1075
60.52809425587698;1075
60.759572384489495;1075
60.338227780037165;1075
60.793777447987345;1075
60.6957183695456;1075
61.384572527388165;1075
61.183511450815104;1075
61.278715714069726;1075
62.42895609071392;1075
62.7021064608667;1075
62.543261282813646;1075
62.76411824984465;1075
62.33901250492349;1075
62.028112859913485;1075
62.47070533231622;1075
62.08752525371683;1075
61.746211622200164;1075
61.7825585618008;1075
61.70884871109866;1075
60.95437666677412;1075
61.53720692243421;1075
61.194463837751385;1075
60.83686674045463;1075
61.104124779639;1075
61.47625954683359;1075
60.49623932147753;1075
61.08706430416641;1075
61.583247298590166;1075
60.972921549898636;1075
60.83124035734049;1075
61.40832519822135;1075
61.40060528589579;1075
62.092704855392284;1075
62.35223553499637;1075
61.4551710485756;1075
61.76599796638763;1075
62.518984479214915;1075
61.81839282479158;1075
61.87458157137632;1075
61.787890439270214;1075
61.11224506697037;1075
61.799000731787814;1075
62.39716875600051;1075
61.93292675368698;1075
62.06539924183743;1075
61.85087135480061;1075
61.86813405951223;1075
62.40688082051271;1075
62.427517667752554;1075
62.11262954198559;1075
62.6300620923672;1075
62.798508748114934;1075
62.144753407137344;1075
61.844534980813265;1075
62.01482439592929;1075
61.36095346077452;1075
61.557112119006526;1075
62.111574958221766;1075
61.98324446396245;1075
62.21657768304629;1075
62.02486736961858;1075
61.509267092160826;1075
62.33567681726242;1075
62.272850459437215;1075
61.719782196006;1100
62.12337547583224;1100
61.78919390486027;1100
60.07957760346162;1100
59.11948583243429;1100
59.94810523330293;1100
60.711102486076996;1100
60.72195631510994;1100
62.34693402717558;1100
62.52177328711691;1100
62.407917449657795;1100
61.53387726761537;1100
61.71916839232761;1100
61.81253299542249;1100
61.35133357933315;1100
61.548395258933446;1100
60.448082692606675;1100
59.867005856091666;1100
61.06424914758698;1100
60.75007238434165;1100
60.695242594724114;1100
60.98507429378256;1100
60.298491939477955;1100
59.764204576465126;1100
61.37528651955913;1100
60.898119802959634;1100
61.146524943687105;1100
60.464533500446024;1100
60.55653026121019;1100
59.72796805063144;1100
60.37721836483102;1100
60.38209114929387;1100
60.34219886280016;1100
61.137814146341924;1100
61.37151914011373;1100
61.60793573203624;1100
61.89191959620098;1100
62.503877110301254;1100
62.08620930015931;1100
61.96939667329384;1100
62.135119688296925;1100
62.066805565476066;1100
61.02731176077874;1100
60.00229682869864;1100
60.90370410692208;1100
59.63534440245125;1100
59.6688753726538;1100
60.680665168713986;1100
60.227722786510256;1100
59.57700682457548;1100
61.291038619600286;1100
61.879446126088496;1100
61.00960720271016;1100
61.56285088794601;1100
60.96064056084466;1100
60.23701479828193;1100
60.960197384558704;1100
60.85478655486161;1100
60.66286271350941;1100
60.81153134020983;1100
60.48620486803697;1100
60.263251157360706;1100
60.66331406356545;1100
60.50869100807996;1100
60.3581183080745;1100
61.2646249076844;1100
61.39767605896285;1100
60.488413361589096;1100
60.67819737832413;1100
61.23748388524774;1100
60.43274804574123;1100
60.905250555513376;1100
60.93520014072895;1100
61.168415060757965;1100
61.18897631924475;1100
61.14042629996331;1100
60.20333622860643;1100
60.75853065772445;1100
61.45546751187274;1100
61.56643258931204;1100
61.5730233924872;1100
61.60264808996708;1100
62.37650375698001;1100
62.43400115206573;1100
62.72595643307891;1100
62.988695206752844;1100
62.95490871406681;1100
62.723410062789064;1100
62.996195172798956;1100
63.1386969041627;1100
61.833453587028664;1100
61.6991840881273;1100
61.04575111384063;1100
60.93909336718754;1100
60.849819375272006;1100
60.47495815647132;1100
60.591302185591985;1100
60.08901054071568;1125
58.92062434200872;1125
57.39303121098958;1125
56.62490764444717;1125
56.831797599856955;1125
57.216393967844205;1125
56.71257496313816;1125
57.03613159549984;1125
57.53570605079122;1125
57.25033853287328;1125
58.12394867851282;1125
57.61042817260711;1125
59.59081152906189;1125
60.41542091978232;1125
60.95469187092974;1125
60.74171494452305;1125
61.799540024573815;1125
60.97681027226304;1125
61.67921650479709;1125
61.322129677354056;1125
60.10811638663508;1125
59.96566048995319;1125
60.89004503032004;1125
60.32432842024393;1125
60.920618519361845;1125
62.18655436273153;1125
61.16315683996432;1125
61.328343798686426;1125
62.50344087439521;1125
61.594883751882875;1125
61.43915043470646;1125
61.39636280505783;1125
60.58117287432801;1125
60.663188021454346;1125
60.94080371670236;1125
61.96996331078748;1125
64.35856029006422;1125
63.811728813649424;1125
62.91091601152645;1125
61.73595208851552;1125
61.63098251376913;1125
60.82582198082689;1125
62.283230843968425;1125
63.62178557619773;1125
64.34613770935388;1125
64.42882311366624;1125
63.23219223032832;1125
62.31233819918122;1125
62.70949985985716;1125
62.97992722303015;1125
61.20670633099492;1125
61.32867156400938;1125
62.12286689899376;1125
61.984177527236575;1125
63.90363531658634;1125
61.98146484602264;1125
61.63367919859419;1125
63.65008650209986;1125
63.97676926221567;1125
63.07385945043418;1125
63.028873019970106;1125
61.73242500735625;1125
61.46441608642911;1125
60.96571190863652;1125
59.069740122907575;1125
59.40568121852233;1125
61.49690801502651;1125
60.64802921289946;1125
59.76767939596777;1125
59.51708102300081;1125
58.490183498242004;1125
57.88740261153125;1125
59.76452499010633;1125
58.87516850801542;1125
58.38549169718224;1125
58.2332246544768;1125
57.87186135734607;1125
57.98918633615763;1125
58.16114840437843;1125
58.73577840375859;1125
59.853472627835934;1125
61.92738977587281;1125
61.05311933993158;1125
59.86482645938339;1125
60.09122293442708;1125
60.84857933950943;1125
60.6868196723776;1125
61.55663319117603;1125
61.29615518136312;1125
60.80266945766511;1125
59.42883604803004;1125
59.457689420192615;1125
59.23499484102335;1125
58.4997889744619;1125
58.38486121526836;1125
58.236227575937896;1125
59.0814709791422;1125
59.18253791540898;1150
60.10881478412528;1150
59.85854649230823;1150
55.44348855855464;1150
54.29288171566307;1150
53.04052187071696;1150
53.43675919243875;1150
53.505369196695106;1150
54.89740558494664;1150
56.126479465065735;1150
54.926245242514135;1150
55.34945124797817;1150
56.410001471279834;1150
55.49748758205274;1150
55.61936215730293;1150
56.656731301285426;1150
56.51446633058646;1150
56.367449923246504;1150
55.73918497581721;1150
55.25384967867865;1150
54.83921843976578;1150
55.09528086198297;1150
54.161581699460385;1150
55.69836700608704;1150
54.96441354382368;1150
55.39425836612196;1150
55.901155887633124;1150
56.298162379259956;1150
55.399833071804416;1150
55.63971139855638;1150
55.231383942878914;1150
54.92050659236462;1150
55.54121760386514;1150
54.64936173963744;1150
53.463180227869394;1150
53.88737188598468;1150
53.52654283738912;1150
53.731674216395696;1150
55.152936240145735;1150
54.225366562824846;1150
54.018845318519986;1150
54.123073773916474;1150
52.89518898650886;1150
53.360125337789185;1150
53.854532411717436;1150
54.694650517604174;1150
54.16823981140601;1150
55.11123198299406;1150
55.07176973437187;1150
54.88783942999678;1150
54.46035939526541;1150
54.16276976553341;1150
52.58828417563738;1150
52.68106228490051;1150
51.70328951374995;1150
51.57176450771635;1150
51.70712634179099;1150
52.31506352968684;1150
51.46952345258633;1150
52.62987589885001;1150
53.039994637703906;1150
53.34041427662726;1150
53.958175635397055;1150
54.07293321954708;1150
54.33640719852026;1150
53.78925875855025;1150
52.72881447662063;1150
52.283238209821846;1150
53.14910583172369;1150
53.68697092432538;1150
54.28406517462765;1150
55.07012440380596;1150
55.249221069689284;1150
55.401834825140924;1150
55.737669512101604;1150
53.945171475585525;1150
53.99907778316378;1150
53.53434656156761;1150
55.041253472381335;1150
54.66628467869197;1150
54.28101609238059;1150
55.67787222806457;1150
55.03956420901832;1150
54.7742724326274;1150
56.154517327563866;1150
54.788699615981;1150
55.23516479541111;1150
55.2117044626914;1150
55.12392468217033;1150
55.176290391168216;1150
54.31334744697173;1150
52.21374064149633;1150
51.96211121277691;1150
52.369983341014006;1150
51.88530600385297;1150
51.83001342266991;1150
52.73903488670231;1150
52.20025112680889;1150
52.96451890806424;1175
52.35974754062106;1175
50.75752551260243;1175
49.784420441497595;1175
48.997569052056946;1175
48.42806601282302;1175
48.061427424654326;1175
49.831525666055015;1175
50.996269967925336;1175
51.444685876499776;1175
50.86469927395188;1175
48.21797551677144;1175
48.18505974801693;1175
49.57366203847555;1175
49.42033720726892;1175
50.20877586998808;1175
50.282396915138996;1175
50.28173774550334;1175
50.759481563431315;1175
49.40793924367712;1175
49.83458959259964;1175
48.916082309521016;1175
50.22756102529811;1175
50.36750845909273;1175
51.315620458701794;1175
50.40061898319375;1175
51.6412161952869;1175
51.20402461299144;1175
51.37161288274629;1175
51.91846258381982;1175
52.038688858416805;1175
51.78478367992692;1175
51.78999374367337;1175
52.43232556173431;1175
53.0408700975021;1175
52.80373264624731;1175
51.96005086758451;1175
51.074363854999504;1175
50.958156788834344;1175
50.79938776368032;1175
51.34333503332132;1175
52.00770082756856;1175
51.496745040191534;1175
53.00140168910774;1175
52.777210405706896;1175
51.94276919166305;1175
51.95432757622592;1175
52.461172648666754;1175
52.272574146419394;1175
51.77815311568625;1175
51.79697185233625;1175
51.52285488285164;1175
51.7740912851446;1175
51.910135997171395;1175
51.50749181661424;1175
50.942828368501495;1175
50.28392636410505;1175
50.66184249178651;1175
49.14724382548129;1175
48.722713181867206;1175
48.05309934595895;1175
48.30812030131244;1175
48.28104360739965;1175
48.18565453251503;1175
47.63101642727834;1175
48.45334799556528;1175
48.65770312771396;1175
48.92756058454059;1175
50.686611379711735;1175
49.79531908692585;1175
50.21508528623776;1175
49.80982503699326;1175
50.83967570582435;1175
50.628521540691615;1175
50.280246247233194;1175
50.49580859622804;1175
50.32713020122483;1175
50.39332102614756;1175
48.53045273387714;1175
48.750144514862434;1175
49.218194563043504;1175
49.15305410885552;1175
48.780736482114136;1175
47.49041388425091;1175
47.61622441852856;1175
48.1553886047568;1175
48.45332698910681;1175
48.17529597908539;1175
49.87939597090467;1175
49.72864849544077;1175
49.80707537586851;1175
48.833494697794286;1175
47.90577835991032;1175
48.851462591679415;1175
49.31802710922059;1175
49.51416354731146;1175
49.39743527581748;1175
50.10492876407029;1200
50.13655788368492;1200
48.83619987744004;1200
46.94464520550052;1200
45.10339661618161;1200
40.48162488763816;1200
38.76318392159311;1200
37.23376426295747;1200
37.775162656748954;1200
39.28086317317193;1200
39.54165432143323;1200
40.67499979095573;1200
39.56596279076069;1200
38.04811335027443;1200
37.770791220248356;1200
37.32908449016892;1200
37.08450083019263;1200
39.13494257381304;1200
40.334341392282525;1200
39.71813574471106;1200
39.51864944676949;1200
38.20738740083794;1200
37.08738193634314;1200
36.75481029768197;1200
37.29677025190178;1200
37.62877872796847;1200
37.89390599786838;1200
38.177859152223874;1200
38.61002312802539;1200
36.39993394315578;1200
36.41054387651;1200
34.946594221117465;1200
36.47798319146601;1200
36.35672483570297;1200
37.26032382635307;1200
37.055539122392986;1200
37.06418044318422;1200
37.03122404797739;1200
37.73863295528705;1200
37.48846259054639;1200
36.76440137225077;1200
37.69702480666392;1200
36.94608380613537;1200
36.22160996923768;1200
36.91771936089666;1200
37.30756825783121;1200
36.73132127733244;1200
36.77294786075602;1200
35.85376721703937;1200
35.54458923713108;1200
36.12770614680804;1200
35.50754092690983;1200
34.463832753650934;1200
35.2758496288089;1200
34.523935182775055;1200
34.26838013882463;1200
33.648681380867615;1200
34.384912148560865;1200
33.39679207542711;1200
34.98414617156497;1200
34.699030021528;1200
33.85505406589002;1200
34.85396539408675;1200
35.652664449964576;1200
36.07677164574612;1200
36.323626900737935;1200
37.44263610109931;1200
37.3976959291033;1200
37.219016564147466;1200
36.031273315899384;1200
35.01778751045096;1200
36.546889415676794;1200
36.8721129032918;1200
36.59957094998913;1200
37.56322454617351;1200
38.7978698431318;1200
37.945768092671784;1200
38.62079510784808;1200
38.6407958100558;1200
38.67332525711485;1200
38.74281020458337;1200
38.71009570049153;1200
37.43893252898839;1200
38.8608986608668;1200
38.25804778824182;1200
39.00148559455902;1200
38.712540061766084;1200
38.28052564618216;1200
37.50917988960193;1200
38.40521272490276;1200
38.70490817640999;1200
37.664854495588244;1200
37.64662404453256;1200
36.61115397565394;1200
36.85673156288776;1200
37.853885135264456;1200
37.6236918558239;1200
38.88069170369968;1225
37.80834575812292;1225
36.272215681123704;1225
34.3869243310828;1225
32.803075337635676;1225
31.25283086003229;1225
31.29852002897013;1225
31.733779438285026;1225
31.84014298159492;1225
33.45518056142956;1225
33.81788005905653;1225
32.598065229812974;1225
31.216806726011395;1225
31.572675311956328;1225
30.6870421105806;1225
32.28812290734324;1225
31.574246488537042;1225
31.287884350287737;1225
30.817832645248583;1225
31.38820267172087;1225
31.033855009773088;1225
31.1333901902049;1225
31.38576691794207;1225
30.00594437267255;1225
30.865795566648167;1225
31.150067340923453;1225
29.88174913683526;1225
29.93490421232665;1225
30.507061167087066;1225
29.509834175484176;1225
28.825879265338294;1225
29.18741452473706;1225
30.334351926156934;1225
30.673897036777866;1225
31.683634652857013;1225
30.949964273899276;1225
33.28995382760641;1225
33.480984089782254;1225
31.104577570241315;1225
31.607677863372714;1225
31.387471146358358;1225
30.28309775763992;1225
30.54769457450782;1225
30.475894962265134;1225
28.918080549620388;1225
29.803389954326526;1225
30.05829973831483;1225
28.157244059173674;1225
28.794984010143285;1225
28.927440617643207;1225
28.568237394232934;1225
30.06559507027501;1225
30.29637895133037;1225
29.698709223778437;1225
30.021322153350678;1225
29.826478463223385;1225
29.611795182609413;1225
30.804637999745665;1225
30.03262607437823;1225
29.50740783434533;1225
29.19964010771175;1225
28.348591469804035;1225
28.967262176945173;1225
30.484373967629693;1225
31.735267509462133;1225
32.3744429191056;1225
32.843474481537385;1225
32.149905595102254;1225
31.482413607560677;1225
31.174029317281715;1225
31.21561149667032;1225
29.97027197828475;1225
29.487119994232092;1225
29.066688499337904;1225
28.46740752372179;1225
29.217613758911643;1225
28.91893144639818;1225
27.723151932918967;1225
27.921062172894693;1225
28.194781516872958;1225
28.45748845720021;1225
29.054814115845545;1225
28.88915997543715;1225
27.501708709328362;1225
27.22690680976797;1225
26.31511429908971;1225
27.6444005129802;1225
27.330134599606026;1225
28.402232277187956;1225
28.85556399404113;1225
29.92083773500011;1225
30.894661751569156;1225
32.07249266208531;1225
31.48091865989133;1225
30.904737165400142;1225
31.579279667179122;1225
32.51896057677097;1225
32.85459379506333;1250
32.652403067586086;1250
32.25187032151942;1250
30.03433932799952;1250
28.375237062632543;1250
27.132840173778145;1250
25.554506633338136;1250
26.227967696954305;1250
26.452802433317682;1250
27.594410343894136;1250
27.023984031695445;1250
26.43757816553077;1250
27.173947193466685;1250
26.79160027859066;1250
24.748787475559187;1250
23.795469936214715;1250
22.11263559325082;1250
22.03267603457351;1250
22.271347389792844;1250
21.872407506347734;1250
23.321493876113585;1250
23.182173077201835;1250
21.180024033838894;1250
21.436825256501823;1250
23.084166121457375;1250
23.348483707173013;1250
23.159462679130197;1250
23.590774397344326;1250
23.88801194837825;1250
23.38016757149886;1250
24.48857847163259;1250
22.901562197892183;1250
23.082059618538384;1250
21.883458654768518;1250
20.7698146271316;1250
22.14421731347387;1250
22.82404332193426;1250
21.944035177526676;1250
22.231891727822713;1250
23.378516721911218;1250
24.509692367786876;1250
24.30941158187913;1250
23.978787908169178;1250
23.131529372005556;1250
22.614574256103953;1250
23.528833395346997;1250
23.595580202450442;1250
22.339653692825834;1250
23.85294751927943;1250
21.79854719564162;1250
20.496597917309966;1250
21.597823692180622;1250
22.323850725233648;1250
22.482028361421712;1250
22.635043689467476;1250
21.80954031023325;1250
22.873669806138064;1250
22.899147431409084;1250
22.60004937838477;1250
23.84099522114606;1250
23.07611615820602;1250
22.654376935978657;1250
22.606810469961488;1250
22.617981847940996;1250
22.321285418683974;1250
21.851452163651388;1250
22.631396617291077;1250
21.38503631138391;1250
22.57918410391865;1250
22.11532613410535;1250
21.79493351872809;1250
22.452214061983828;1250
22.54275190154566;1250
24.013829562940487;1250
23.526763771652757;1250
24.33811386889772;1250
24.658136370899523;1250
24.936766728436567;1250
25.759002235433776;1250
26.37567462200444;1250
25.917901721339824;1250
25.878134702635563;1250
25.279896994591113;1250
24.738031929465844;1250
24.84553616357512;1250
23.448787320716523;1250
23.85724656420854;1250
24.836048823945642;1250
25.49291015231406;1250
24.442615688356657;1250
22.833096681219462;1250
21.86745283800567;1250
22.571292296134633;1250
24.090207188683536;1250
21.6483093855328;1250
22.335221851289003;1250
21.896870523302116;1250
21.26152473183886;1250
20.911901476426255;1275
20.688099718969355;1275
20.658707858610384;1275
19.903316678281023;1275
17.655498743916546;1275
18.04317888272586;1275
19.218689175953603;1275
19.590272468668488;1275
21.059290806466453;1275
21.702580721407486;1275
20.524228154746837;1275
20.763841280228764;1275
20.195362489763436;1275
18.450357819301775;1275
19.112879791266455;1275
19.090092581220727;1275
19.208257376712382;1275
20.15225220357178;1275
19.925708430632536;1275
18.905589878684605;1275
19.83908158302764;1275
18.983406112127202;1275
18.71185453589308;1275
19.873237546680006;1275
19.199313535228715;1275
17.585760233962414;1275
17.907016080809775;1275
18.043301265564327;1275
16.98242195088466;1275
16.183532626631145;1275
15.871037531110174;1275
16.296833732760554;1275
17.42368923797077;1275
17.639774592840173;1275
19.183420062314408;1275
19.005460411509567;1275
19.71886683906673;1275
18.17984958923637;1275
17.245493381526636;1275
18.191644091849845;1275
18.88314539014981;1275
19.838824786791687;1275
20.39529933975218;1275
18.76265788125413;1275
19.689312213131963;1275
19.507199832780042;1275
18.6863721034146;1275
19.392597555145258;1275
19.219995711632276;1275
19.2506035234345;1275
17.345526712257122;1275
17.772972689451194;1275
18.31359778385169;1275
17.447259894161384;1275
17.615715273294164;1275
18.287599558654733;1275
18.86956295071776;1275
19.33687415748737;1275
20.27018761721628;1275
21.293702923098916;1275
20.25807270736489;1275
18.590854139327853;1275
18.706430535816562;1275
17.847790001944514;1275
18.742979546945367;1275
19.790059868604803;1275
18.03898396648201;1275
16.44890524055811;1275
17.150075263609992;1275
16.177119448312403;1275
14.54217858003531;1275
16.858279657199507;1275
16.05649889986296;1275
14.785294309832151;1275
15.651462421430551;1275
16.45845659287403;1275
16.934889790295344;1275
16.095809267780876;1275
17.008970062648675;1275
16.68689972201964;1275
17.86486830154451;1275
19.22995818586948;1275
20.917777704577098;1275
20.572098314514538;1275
21.601109583846597;1275
20.950214005912596;1275
21.157749091973436;1275
19.223527896446964;1275
19.38758120711054;1275
18.69533148006525;1275
20.086841525985925;1275
21.150297239882576;1275
20.08906182192487;1275
19.542782013431456;1275
18.50909091915898;1275
17.627587908409797;1275
18.382113818667616;1275
18.052633748421567;1300
16.8893755275951;1300
16.001016790818248;1300
15.658479215866098;1300
16.02066501690414;1300
14.183669605927095;1300
16.035488761623416;1300
16.38260194917322;1300
14.476331188768214;1300
14.438967365358295;1300
14.654574200630616;1300
16.349789740473028;1300
15.75784644598441;1300
15.802603234818253;1300
16.651613361072904;1300
15.973519358971332;1300
17.48216319698521;1300
19.70011608024847;1300
18.198922435726214;1300
19.586082229552126;1300
20.524125250183243;1300
21.120710645816608;1300
18.825691975742593;1300
20.810590052278204;1300
22.049493450935028;1300
21.938705569414708;1300
19.130781602176956;1300
18.469685081033287;1300
17.37723022486361;1300
18.617379200679846;1300
20.453289464602243;1300
18.30503347169492;1300
18.576224206703436;1300
18.428813110212676;1300
18.316564788354736;1300
15.62430467855301;1300
15.792057309965703;1300
16.302919799612074;1300
17.39844184813199;1300
16.428721937236126;1300
17.657481737804705;1300
15.171262685204887;1300
15.48103602805963;1300
14.961713725713516;1300
14.609804755243916;1300
15.18926808750297;1300
14.664809028770835;1300
15.942050760681912;1300
16.848205117062204;1300
16.749978690123555;1300
14.466144464359111;1300
14.981699110574569;1300
13.668521798385571;1300
15.176505157978125;1300
16.201422805656684;1300
15.310678422729042;1300
13.821656253633677;1300
14.192972472816914;1300
13.875319842570194;1300
14.990210671440872;1300
14.629462795922903;1300
16.57100312532213;1300
15.860144506142495;1300
17.423113702814657;1300
16.87436147707969;1300
15.63835612549229;1300
17.11443647069978;1300
17.031440381390617;1300
16.296768715773435;1300
17.358556375993523;1300
15.749799541321902;1300
15.148480393717662;1300
15.297481979618412;1300
15.79648301275017;1300
16.070939510777677;1300
16.845614668955253;1300
17.33483056125735;1300
17.71179862349896;1300
16.74525501667863;1300
17.717868821623327;1300
18.680365357350155;1300
18.647237528607274;1300
16.480764758930285;1300
17.80819639254895;1300
18.04547963224208;1300
15.564575837973992;1300
17.1856531187456;1300
18.85967975655676;1300
16.35232636138028;1300
18.593171527927296;1300
18.377078897764168;1300
17.37160679928271;1300
17.81663166457703;1300
17.823176096419086;1300
19.27860966663596;1300
17.034365275887797;1300
16.7084953284253;1300
17.477548018530843;1300
15.404315764332583;1325
16.47032087601135;1325
15.601570813703479;1325
15.848858941384774;1325
15.639691110255685;1325
15.887894573135696;1325
16.281402993097004;1325
16.092026525060017;1325
17.502200800807838;1325
18.808006379731868;1325
18.446192996454474;1325
18.66034928549778;1325
17.44088113629253;1325
17.13445557012273;1325
14.698214461509778;1325
13.541135638083563;1325
14.520062192057255;1325
13.133223096528477;1325
11.980773670955841;1325
13.291984603360724;1325
14.77265595524529;1325
14.737813903037566;1325
15.429155367578932;1325
16.545943657451332;1325
14.275779155105901;1325
16.74561540899655;1325
16.92482722051447;1325
15.021460872460242;1325
17.072732597115536;1325
17.91596434879803;1325
18.826216220402312;1325
18.62848927467178;1325
17.301728634778605;1325
15.791410284624517;1325
14.855963630063203;1325
16.53390148889806;1325
14.788373658877163;1325
14.652533689548472;1325
14.613007457721071;1325
15.192107253885972;1325
14.796642923013646;1325
16.26985470778129;1325
14.195962189166883;1325
15.506506267125815;1325
15.121399316831901;1325
16.298593360668857;1325
16.431234971968127;1325
14.811031862837904;1325
14.393490766321422;1325
15.655976999281565;1325
16.23062162316389;1325
14.850005836667647;1325
14.998824931975271;1325
14.621031636251754;1325
13.406193431028102;1325
12.870786681958977;1325
12.39710564094987;1325
14.80202415784575;1325
13.46801660723896;1325
12.286239862384802;1325
13.831668192171781;1325
14.76696050530556;1325
14.778398861224671;1325
14.745405653251606;1325
12.777360840436625;1325
13.266840614131626;1325
12.358666316362733;1325
14.405410860318733;1325
15.80927564865383;1325
14.118020487969419;1325
14.89202310853944;1325
15.04046848505447;1325
13.095475938428523;1325
13.829114716738026;1325
13.843689894245404;1325
14.840531920246706;1325
16.980964993373327;1325
16.389367239948566;1325
15.986971529726311;1325
15.432066640712415;1325
15.327550994964433;1325
14.781965063267602;1325
15.648876446788393;1325
15.143737125926565;1325
15.716342411127798;1325
15.141592758462853;1325
17.16300800988553;1325
18.341114126750043;1325
17.992883852038194;1325
16.368605160456802;1325
17.561461396114577;1325
17.788409584638387;1325
19.65736702274555;1325
19.186485332806786;1325
16.922138266281877;1325
16.832116084333652;1325
18.17386386823832;1325
17.526554999662164;1325
16.0744410754183;1350
16.366562331195432;1350
14.779123583891801;1350
14.046365646432086;1350
14.052042829763348;1350
13.321025056336284;1350
13.625797402620009;1350
11.976684236559803;1350
14.316242802229052;1350
15.061882521724812;1350
14.22658990451673;1350
13.934223375625137;1350
14.117211527411616;1350
14.657096940858935;1350
14.68756523169397;1350
14.164142731929566;1350
13.956561491558393;1350
13.588293733322853;1350
14.088245738634305;1350
16.426146742736655;1350
16.261309427289998;1350
15.016786286790815;1350
17.015021447883814;1350
17.057557235378656;1350
16.142037791545718;1350
16.282863554901073;1350
15.264098487954438;1350
13.534860229073333;1350
14.076752116090095;1350
13.211127248123649;1350
12.282068043878596;1350
12.773057217311756;1350
13.37601580788799;1350
14.369864343321073;1350
14.353202466667963;1350
15.524840291917826;1350
14.24966847124783;1350
15.941928533720287;1350
16.067732642955246;1350
16.682355449418615;1350
16.97524360647762;1350
15.762176126215506;1350
13.970545346457468;1350
15.376147484113309;1350
15.222317597634484;1350
14.725952539250088;1350
17.384307977544665;1350
18.35659375335129;1350
18.83567677898915;1350
17.725879019933718;1350
17.7786944262795;1350
17.50091487654202;1350
18.729848456329247;1350
19.57380173457611;1350
19.367017742303613;1350
17.81762440541181;1350
16.976137621629746;1350
17.27414270819118;1350
15.951219106216456;1350
14.1285590008078;1350
14.350897502145955;1350
14.837793085087105;1350
14.281150490471148;1350
11.8521716477099;1350
12.22686324496262;1350
12.645384628997343;1350
11.915300066677865;1350
12.087990287419;1350
12.549640357076747;1350
12.217816979546383;1350
12.061070790345049;1350
12.136865046317787;1350
10.940970438910217;1350
12.67157955732058;1350
13.635566834934549;1350
13.857597950370074;1350
15.675569550557132;1350
15.200167805012672;1350
14.839244374528388;1350
14.510306336124275;1350
14.716881697499838;1350
13.17307978674636;1350
13.498826277309114;1350
12.64211077777323;1350
12.41188063072879;1350
10.282938639626812;1350
9.172988266485206;1350
10.067905732819634;1350
11.182905478145232;1350
11.031868713438346;1350
11.080165366090574;1350
12.70480970716769;1350
11.387108329914234;1350
12.156178606529485;1350
12.431893998793909;1350
13.627253759400212;1350
12.853165442756554;1350
13.256081695029986;1350
11.82482789326549;1375
12.338172185338587;1375
12.152280005460637;1375
13.377633655197199;1375
13.982381732115739;1375
12.902514618932186;1375
14.62711919793008;1375
15.445932877693014;1375
16.650393349632406;1375
17.481927673694845;1375
17.680139563817892;1375
19.277402508338227;1375
17.666502366575678;1375
18.789382611893533;1375
18.166296434399523;1375
17.571345123825058;1375
17.600536966089827;1375
18.334937816469544;1375
16.41321217799172;1375
18.202283826637643;1375
18.33434470534809;1375
17.869014796321743;1375
19.73013752998594;1375
18.61443454472903;1375
19.488919305307856;1375
18.481333979725463;1375
19.139921033680704;1375
18.539949130726484;1375
17.680162126217734;1375
17.570801350861547;1375
17.08856839565699;1375
17.009997153275737;1375
16.154305614692014;1375
17.33463087303381;1375
18.38182570622809;1375
19.22083149640601;1375
18.73947910527143;1375
19.913001967350407;1375
19.178660333631505;1375
17.665939936055814;1375
19.063686924586808;1375
17.96858265294085;1375
18.045102308923372;1375
18.380756771796925;1375
20.6131666889935;1375
19.619893786855243;1375
20.056453200871033;1375
18.998416154301783;1375
20.846807018436724;1375
21.556261151137644;1375
22.480859461156957;1375
20.537417269144505;1375
22.040190869535568;1375
21.042407311530425;1375
21.428563500439857;1375
21.842297879291998;1375
21.5062247054402;1375
20.077629904198037;1375
21.077913726227514;1375
20.950379113100578;1375
20.51516192058157;1375
20.51242811833624;1375
21.078504057632607;1375
20.631677889471213;1375
20.092450545203487;1375
20.682064658361444;1375
20.349603839739725;1375
19.417160997290598;1375
19.242844054971258;1375
19.284099731936827;1375
19.80617575462203;1375
20.30824119296567;1375
19.94625122665172;1375
19.86441871313906;1375
21.436930617066118;1375
19.612205992362632;1375
20.070437423813015;1375
20.144813776797427;1375
19.38313303332158;1375
19.287422321410652;1375
19.630995854052173;1375
18.93942689489446;1375
18.71026914029683;1375
17.790034529182336;1375
19.343511116174056;1375
19.80408272832173;1375
20.574526444490754;1375
19.484248055615254;1375
18.14382509041057;1375
18.043119091701186;1375
17.855874804313757;1375
18.088212223662165;1375
18.06477159325154;1375
17.562511985398025;1375
19.307783486283487;1375
18.1602834507485;1375
18.413664726661363;1375
18.41322977009608;1400
19.164570141894306;1400
18.471498795565946;1400
19.099645395715974;1400
18.736439749050266;1400
19.465275668018506;1400
20.836502008030518;1400
21.721049394773125;1400
21.689256007515574;1400
23.395918201121827;1400
23.25577824246769;1400
22.06934020220664;1400
22.691614520510914;1400
22.70910999910921;1400
22.742333962327905;1400
24.145714672986784;1400
24.202104706198416;1400
23.543779445598062;1400
24.46924383005419;1400
23.775294182947224;1400
23.723905852617214;1400
22.870040198335634;1400
23.302803107801918;1400
23.054804169003393;1400
23.886235805609118;1400
23.481306490171246;1400
22.601408435216708;1400
23.672197576398144;1400
23.88301456357157;1400
24.354918028799354;1400
25.416947161403566;1400
24.138329126465326;1400
24.190506785417647;1400
23.989129677410123;1400
22.59707360464817;1400
22.25838736955591;1400
22.322501190615345;1400
22.76863990033457;1400
22.554581225596397;1400
23.004525959077764;1400
22.408407147526162;1400
21.711926676220095;1400
22.143514103711663;1400
20.432631448384424;1400
21.31555707278436;1400
22.200396131036747;1400
21.334012516697978;1400
21.09005070401266;1400
23.154719318998353;1400
23.062191718780227;1400
22.4274754766954;1400
24.376876392697103;1400
23.938402810579007;1400
23.945251478689578;1400
24.586086051778334;1400
24.01765796710647;1400
23.423130055201536;1400
23.288992011695715;1400
23.407286819533592;1400
21.979912270750706;1400
22.599252614155866;1400
21.715777919388053;1400
22.646063518711912;1400
24.047286534365046;1400
24.051436386575823;1400
23.38263060628845;1400
23.521537785189253;1400
22.91313259918185;1400
22.91881410181364;1400
21.380754817668336;1400
22.129932513966605;1400
21.32659535644863;1400
21.819509869729515;1400
22.451157089161004;1400
21.69577533048201;1400
20.98171985692029;1400
21.876992397845996;1400
21.52447520257473;1400
21.44609786340268;1400
20.317004937560995;1400
20.02041652112292;1400
20.538616762902034;1400
20.126300270397298;1400
20.063457726601445;1400
21.588586416028075;1400
21.115650523227874;1400
20.598188903643116;1400
20.29483452850503;1400
22.27874687584878;1400
22.151621428653712;1400
22.65414934885341;1400
21.903973804459884;1400
21.510725143493065;1400
22.75277980381782;1400
22.72446699412595;1400
21.884199606980918;1400
22.794582660397197;1400
23.499678602596003;1425
23.8846318674149;1425
22.793697582015405;1425
22.277760735949244;1425
20.814060593556828;1425
21.79199094391268;1425
20.664400265999284;1425
20.046474690428155;1425
22.223540744835404;1425
22.75008386338563;1425
22.443374383347624;1425
22.089844284605693;1425
23.010586103524822;1425
23.27051008998541;1425
24.79700126920669;1425
23.76287322124945;1425
22.452375846274254;1425
22.175417751440758;1425
23.320052291303274;1425
23.156412627405064;1425
24.6607489210256;1425
23.881548456022355;1425
23.978921975941223;1425
24.3235652897021;1425
23.71971919344864;1425
23.881092541492457;1425
22.722946804901124;1425
22.246244032714163;1425
21.42276243141906;1425
21.62497409528801;1425
21.927388814698244;1425
21.211762732730254;1425
20.974877766514552;1425
20.389823018640683;1425
19.606583278868523;1425
19.42801959248856;1425
20.335272204459194;1425
20.506940736586163;1425
21.762101924327208;1425
20.840762941857058;1425
20.440160630909816;1425
21.15371689435209;1425
21.87768217585747;1425
20.881015547558505;1425
22.02653887091339;1425
23.20430859522422;1425
22.39432863946457;1425
22.696494230765374;1425
22.343845762948057;1425
22.186953617940443;1425
22.109867444921917;1425
23.020758275944182;1425
23.110600605458345;1425
23.359477549678495;1425
23.737111182621096;1425
22.510996462983456;1425
23.939383919310558;1425
23.852170794010945;1425
23.332232921010675;1425
25.076473367547333;1425
23.585014719984144;1425
22.851931243838585;1425
22.97836448767556;1425
25.524544428837615;1425
24.343994802077066;1425
24.511325177535355;1425
23.87815514332665;1425
24.19654598087904;1425
25.289680312337854;1425
25.257696354740514;1425
24.794752737827444;1425
25.44915050121324;1425
24.845633591968628;1425
24.159223540229426;1425
23.325325538184767;1425
22.754579405954576;1425
23.576835520678614;1425
23.505438202135075;1425
23.17083928544189;1425
22.8919404443746;1425
23.380149533683284;1425
23.150126049060482;1425
23.07536154013446;1425
23.646726280800358;1425
22.81148533839047;1425
23.216263104527616;1425
23.07192178744196;1425
22.802153692332546;1425
23.58801517643177;1425
23.92204490986693;1425
23.702784273501713;1425
22.931344305808935;1425
22.6946798948241;1425
22.260116083339877;1425
21.539005697041116;1425
21.629066214544938;1425
21.859445499902925;1425
21.369029692540447;1425
20.912652455433182;1450
20.76521941733569;1450
19.799512641600565;1450
20.492367253397756;1450
19.90776486914714;1450
20.090196791496272;1450
20.01747102343919;1450
19.615702668651807;1450
19.33411028543046;1450
20.898766227373606;1450
21.4712562437291;1450
20.559486604024983;1450
21.426333717524386;1450
22.414087256752946;1450
22.08269349181732;1450
22.795286568762858;1450
22.870808641978954;1450
23.00037089336759;1450
23.612359223876577;1450
22.98426104115664;1450
22.303377704861955;1450
22.25828329920719;1450
22.314039673175493;1450
21.681728970440854;1450
21.39573597713922;1450
21.861681395286503;1450
21.748845587718094;1450
21.91819533062432;1450
22.379919660706648;1450
22.02790765321404;1450
22.682868710846858;1450
22.834842666013508;1450
21.38679891125697;1450
21.21954297903608;1450
20.694880978085152;1450
20.38503015398722;1450
20.496996779655362;1450
21.24151299750616;1450
22.0181137430568;1450
23.617954616741006;1450
23.68849443977086;1450
22.5838997717115;1450
23.11494127131077;1450
23.068252814526904;1450
22.805664858476966;1450
22.626799992979922;1450
22.60888078488863;1450
22.58133245108366;1450
24.11149312066196;1450
24.059395790243023;1450
23.35603520730526;1450
24.311615775015127;1450
24.014987852221626;1450
23.606607413431206;1450
25.146106777110855;1450
24.802421056065146;1450
25.301208828631943;1450
24.08066875012766;1450
23.88915422927249;1450
23.499473792036333;1450
24.194127643546445;1450
23.47154040273818;1450
22.528850270975262;1450
23.26047588035863;1450
22.52982442298332;1450
21.72346034606754;1450
21.65234098550213;1450
21.251044535539883;1450
21.48535959320498;1450
22.164224025973418;1450
22.47616584353803;1450
22.192954079622858;1450
22.055289552813253;1450
22.486120411320872;1450
22.018040694177458;1450
22.976976495305205;1450
22.429185969229508;1450
22.343162292796936;1450
22.859265071062758;1450
23.155920314667284;1450
21.4761181710515;1450
21.92406608205688;1450
22.49366093725915;1450
21.849080684746248;1450
23.583431573845335;1450
23.8644972999224;1450
23.74471941978532;1450
23.063162830621618;1450
23.157857299986745;1450
22.30121704339467;1450
23.59578973317116;1450
23.933957068102977;1450
24.4899682940442;1450
23.7571485126471;1450
23.79907328880945;1450
23.07800395949936;1450
23.29223628194243;1450
22.876811522858333;1475
23.61457957712817;1475
22.766631392048357;1475
21.830642583682184;1475
20.63625586180239;1475
19.57967912078645;1475
17.782635441314547;1475
17.937562268376727;1475
17.8891276769865;1475
18.112974019389767;1475
18.517147106971684;1475
18.395070231050273;1475
17.464555249941554;1475
17.060870583432948;1475
17.41603117163816;1475
17.425989410290274;1475
18.24630077352745;1475
18.29334801087857;1475
17.96224623815142;1475
16.897775702780873;1475
17.415572708935855;1475
17.130096324570307;1475
16.944135957175305;1475
16.61084605576372;1475
16.226855148474314;1475
15.770986358803844;1475
16.847606835154025;1475
16.49090457657969;1475
18.352744161152795;1475
19.08315693658871;1475
18.145487009821736;1475
18.372169111524446;1475
18.543882741792363;1475
19.299442251206916;1475
18.848748304232167;1475
18.761089270221927;1475
18.36680847779525;1475
18.228206004816816;1475
17.674095185709966;1475
17.357488721922252;1475
18.432331294371984;1475
17.27892861427372;1475
17.288319741285203;1475
18.311264133911482;1475
19.514807692664842;1475
18.498477063014004;1475
19.174518062323596;1475
20.591363789271934;1475
21.833562051166364;1475
22.056802444214924;1475
22.117318066353388;1475
22.17027536438577;1475
21.29308541929041;1475
20.32562186517087;1475
19.994224175392823;1475
19.619734142165886;1475
19.67281654593234;1475
19.345450508700125;1475
19.02185381184372;1475
17.48210471633022;1475
16.04855266909458;1475
16.10039625348198;1475
16.37253100315228;1475
15.256217418506633;1475
16.446570539504826;1475
16.35204992615339;1475
16.247355284365852;1475
15.922885791920065;1475
15.790517024758913;1475
15.857067829898936;1475
15.770991146977298;1475
15.164023960727476;1475
14.536747581493767;1475
15.989436190477784;1475
16.865365402288734;1475
17.25305266475192;1475
18.021599200684612;1475
17.58590364332421;1475
16.709183941870695;1475
17.21705746026657;1475
16.494574350003703;1475
15.94879143530304;1475
15.581664060292773;1475
15.042286060569745;1475
14.69448037888866;1475
15.856075698005027;1475
17.276493452902727;1475
17.23163942885583;1475
19.052611638717355;1475
19.10983507919102;1475
18.85627701263221;1475
19.406021141826837;1475
19.342642478031344;1475
19.538926879558918;1475
19.594791722312372;1475
20.075332328565146;1475
19.605263714301465;1475
20.045099324929136;1475
20.04353562430128;1500
18.711929454343743;1500
18.75016579897693;1500
17.61879901730315;1500
16.106532507234096;1500
15.043162096976063;1500
13.397383095651211;1500
12.969142623447135;1500
13.081543922016232;1500
13.679029183832332;1500
15.485495297526583;1500
16.9779748293562;1500
16.296222891282085;1500
15.449522777077064;1500
14.656575960987697;1500
14.46238262345265;1500
13.087732937178464;1500
13.96016325160168;1500
13.678304458403192;1500
13.386062444465097;1500
14.2372154187558;1500
14.313781558121669;1500
14.026761876228607;1500
13.68965720403113;1500
13.097414862469677;1500
13.05014732230371;1500
13.067366232413493;1500
12.101668083403338;1500
11.17520041545644;1500
11.987871232822048;1500
12.004354828071335;1500
11.509008526903825;1500
12.503470293348013;1500
11.73381335120462;1500
11.541949876643244;1500
11.007584185619448;1500
10.921894833332123;1500
10.157112838012074;1500
11.49982950799726;1500
10.914084816757647;1500
10.647833983592268;1500
11.289988272197574;1500
12.043620436660479;1500
11.562910243152533;1500
11.850384026748669;1500
11.666197654891842;1500
11.327013221293189;1500
11.19309689571919;1500
11.632386447554852;1500
10.799450453875089;1500
11.997081552749375;1500
12.051430558479543;1500
11.940688732064364;1500
12.289402075676847;1500
11.869310274092323;1500
11.821271973282968;1500
13.138966212850358;1500
13.67282840446385;1500
12.876693420104461;1500
14.268178787354097;1500
13.16722401856251;1500
12.425458456365428;1500
13.179243832166568;1500
13.103677676754016;1500
12.088301930446054;1500
11.662498560893455;1500
10.829959163349324;1500
10.706191757799884;1500
10.86663459169501;1500
11.429018307629686;1500
11.191129606205426;1500
11.705926131733777;1500
12.51143993324854;1500
11.831086671498632;1500
12.678275074621755;1500
12.876028465472984;1500
12.188492446243462;1500
11.74582868608027;1500
11.693810250057835;1500
12.529333660829074;1500
14.598573044532206;1500
13.040514929135052;1500
13.180392818670617;1500
12.640949884110222;1500
11.939040956182014;1500
12.053956118657812;1500
12.987094656564082;1500
12.373213204742935;1500
11.845279907621492;1500
11.991822621272565;1500
13.036573115183637;1500
12.583204074502989;1500
13.839581377379776;1500
12.507764831085364;1500
12.534913295627016;1500
12.951990037399833;1500
13.22960161542132;1500
12.688498963923054;1525
13.93209178074643;1525
13.001540589776834;1525
11.743522541332776;1525
10.913587547945705;1525
10.108536425915155;1525
9.79986899525368;1525
10.243736526391144;1525
11.974853933707852;1525
11.445802681995627;1525
11.444927703825323;1525
11.17288821715323;1525
12.224192311269418;1525
12.063879032198761;1525
11.980904686792309;1525
11.514135676243528;1525
10.407580414057167;1525
10.92407564041126;1525
11.454162396118509;1525
10.174136163197128;1525
11.116936642915965;1525
10.261001208134555;1525
9.930038040395338;1525
10.067507815129012;1525
9.269464523282718;1525
9.150383584305295;1525
9.701200105606066;1525
10.698580124242605;1525
11.044807079600533;1525
10.798611268012742;1525
10.176579245154942;1525
9.531607420726852;1525
9.354253670812204;1525
9.856164131697087;1525
9.683402041735231;1525
10.020133102133522;1525
10.36988504985855;1525
9.41141094654892;1525
9.02307743024269;1525
9.908025084247628;1525
9.796769496129;1525
10.3234430285256;1525
9.979381595422268;1525
9.688410730196317;1525
11.154585559755347;1525
11.389690089255296;1525
10.644104259082145;1525
9.934484892963098;1525
11.848621478255907;1525
10.632445076973557;1525
10.163825924726664;1525
10.193756002096364;1525
9.410166303093764;1525
9.431008928689431;1525
10.15423621986595;1525
10.161905424863543;1525
12.418578706750642;1525
11.735203519421882;1525
11.83551411256264;1525
11.167643155755236;1525
11.217761305249558;1525
10.339509383235203;1525
10.302127179585508;1525
10.787617737914635;1525
10.225028699255168;1525
10.007357835807666;1525
9.664273474644444;1525
9.74120895983311;1525
10.355109483385881;1525
9.544755556963493;1525
8.789309442910556;1525
9.308043096294108;1525
11.932597187454423;1525
11.381878612862785;1525
11.914534228344914;1525
10.640246375529472;1525
10.520596399734124;1525
10.704098487697898;1525
10.30910794283841;1525
10.278521270408724;1525
12.374699167322884;1525
11.632529994574666;1525
11.869130407772403;1525
11.634149249426306;1525
12.314015982069568;1525
11.255626153100973;1525
10.01623990136638;1525
9.83516061212031;1525
10.416290955053178;1525
10.756788534805644;1525
10.479122717823321;1525
10.185283531481488;1525
9.589994582277296;1525
8.590163592910725;1525
10.143105532520229;1525
9.32214563982449;1525
9.716608247209118;1525
10.087077174106074;1525
9.251917201569817;1550
8.740798364419025;1550
7.867281928529362;1550
6.873695250656124;1550
5.698068345199477;1550
4.322740490107711;1550
4.191162805614511;1550
4.877715520671562;1550
5.674935998534207;1550
5.465589575848204;1550
4.867602700964069;1550
5.616599621550456;1550
5.713088707879065;1550
5.168312028224972;1550
7.090702456571204;1550
6.73305525301827;1550
7.020844289405008;1550
7.083257446903883;1550
8.05520984724908;1550
7.4127004624470505;1550
7.538132389057773;1550
7.2799019123563795;1550
6.669768482601542;1550
6.83993223885704;1550
7.066428389184507;1550
6.557296211652504;1550
7.754901688854194;1550
6.790598602160333;1550
5.973288306143933;1550
7.990828441852692;1550
6.923893644898782;1550
6.040080252602295;1550
6.728538297473759;1550
7.043790588073441;1550
7.471620629468804;1550
6.974894211769658;1550
6.256831190372047;1550
7.2991647311395065;1550
7.289421741352229;1550
6.949933575407939;1550
7.932156105494561;1550
8.461353273308143;1550
8.481797723340355;1550
7.377223093241459;1550
6.974020302817323;1550
7.142379959310524;1550
6.957977250054354;1550
7.58740585951846;1550
7.207538757777951;1550
7.761050102369924;1550
8.804287211227239;1550
7.474051361127838;1550
7.355092220772641;1550
7.599749264947367;1550
6.842566553655284;1550
6.061986786230814;1550
5.883389130594597;1550
4.759712580031222;1550
5.058846715660691;1550
6.39723884814042;1550
5.978001261267769;1550
6.264752207730501;1550
6.340306162294555;1550
6.301102784502872;1550
6.911068209983174;1550
7.484863423468881;1550
6.712586423039907;1550
7.859294590488449;1550
8.724537581216449;1550
7.5732161603906905;1550
8.359083303212305;1550
7.85256338793486;1550
7.093739699603838;1550
6.857725583631114;1550
6.375680850881177;1550
6.9531399170415105;1550
8.018287305507164;1550
7.323122376293412;1550
7.7333916354802295;1550
6.827918978141268;1550
7.652255926040343;1550
6.782813640814678;1550
6.698691076972237;1550
5.936021133559763;1550
5.918958735125206;1550
5.493515459518181;1550
5.365817287187672;1550
5.722861879732165;1550
5.635221276823629;1550
5.454183710769444;1550
5.5551770762933845;1550
4.437132481303408;1550
3.6156357438817226;1550
4.296242200024541;1550
3.27175829952021;1550
3.17289238956904;1550
3.2831809085627675;1550
2.808030974501881;1575
2.59760376844308;1575
2.5560514259627536;1575
1.6602469778216693;1575
1.0337104663658716;1575
1.0777350670638375;1575
-0.014383854001220026;1575
0.723193851878477;1575
0.03438091413337904;1575
-0.7746526764501868;1575
-0.6922706091195336;1575
-0.07366018461235865;1575
-0.6561481815915132;1575
-0.25815629664246237;1575
-0.6321154645819206;1575
-0.5525635490671853;1575
0.2398482208165273;1575
0.5664842495063853;1575
0.4607072444782446;1575
0.04932677286374418;1575
0.09793035120317231;1575
-0.22273100757417555;1575
-0.38536520556027387;1575
0.5402266381563693;1575
0.4459820171418296;1575
0.09798857918412296;1575
0.9178273372098287;1575
0.6540558674900082;1575
1.1678651834307179;1575
0.8767065146325708;1575
1.078208428878431;1575
0.6962780030404463;1575
0.2399141816911335;1575
0.6106911202093268;1575
0.42946314160501387;1575
-0.21625048474706265;1575
-0.37820346637711943;1575
-0.4977087246818525;1575
-0.4241702428386422;1575
0.031934619545663734;1575
0.6111407215392652;1575
0.8746091193712616;1575
-0.3979476847587938;1575
-0.9923201096113516;1575
-1.0185991288329408;1575
-1.1367497616552913;1575
-0.6965913526208761;1575
-1.2978167294559184;1575
-0.5245935517774616;1575
-0.9141356707400208;1575
-1.0878125598498667;1575
-1.1396300816280078;1575
-2.1506032892899216;1575
-2.344123651232155;1575
-2.257394369140229;1575
-1.8154191206806618;1575
-2.402053320936405;1575
-2.4113373066024715;1575
-3.4136677995641227;1575
-3.057060119047986;1575
-2.97712082693286;1575
-3.178767104243823;1575
-1.1445802924274613;1575
-1.1374508812532942;1575
-1.4657789369220318;1575
0.9537706996348515;1575
0.1518580232034833;1575
-0.5777837240644371;1575
-0.6992001113820634;1575
0.33236241561053026;1575
-0.295250609324503;1575
-0.3005142430927172;1575
-0.4367749421748872;1575
0.32744951791292076;1575
-0.4307612147304475;1575
0.32352765184158794;1575
1.57837420274596;1575
0.11342143218090278;1575
-0.3666823827347558;1575
0.5895314825102217;1575
-0.5108162348948131;1575
0.09977662054238917;1575
1.197237495119738;1575
0.642987066379829;1575
0.94216889619508;1575
1.083911006466358;1575
0.6221367178515129;1575
0.6033335475605339;1575
0.7892872351027393;1575
-0.20535135607562097;1575
1.3500851736538468;1575
0.7124764369311302;1575
0.20594040309646788;1575
-1.7129156633717746;1575
-2.4016834303539913;1575
-2.924135717009464;1575
-2.746729141381672;1575
-0.6167328745460552;1600
-0.9146985374611012;1600
-0.8741245152765982;1600
-2.920147170261335;1600
-4.784585446640545;1600
-6.959701526178998;1600
-7.155228603737628;1600
-7.6924043813070915;1600
-7.561167630673771;1600
-7.340074373298613;1600
-5.86122191966633;1600
-6.6085733204826935;1600
-6.762318464979134;1600
-6.656303006521427;1600
-7.95609152164631;1600
-8.201363642120619;1600
-8.546357402488816;1600
-8.262783372585627;1600
-7.229771092436472;1600
-6.493574155990459;1600
-6.708920670356681;1600
-7.259903717684386;1600
-7.49770498266208;1600
-7.66316289451601;1600
-6.543228271267078;1600
-7.013217301041681;1600
-7.248403135066937;1600
-6.29993191581459;1600
-6.855981591157799;1600
-8.680721900064711;1600
-9.096026467425416;1600
-9.368150358371159;1600
-9.39363761743911;1600
-9.155507598444938;1600
-8.664509035865441;1600
-8.777267921210266;1600
-8.15088379448389;1600
-8.394255715596225;1600
-8.696970023100857;1600
-7.995574343540685;1600
-7.221291102627884;1600
-7.953652599030515;1600
-6.393911365199409;1600
-6.8509207910833565;1600
-6.698135291997114;1600
-6.990638868743098;1600
-6.272150913528452;1600
-6.4704024433483065;1600
-6.6664490491617885;1600
-6.195664010966168;1600
-6.5697579010515055;1600
-8.518482934410148;1600
-8.306477748472785;1600
-7.692889515661728;1600
-7.398467079743985;1600
-7.902845207894953;1600
-7.676657930396963;1600
-6.99761329340355;1600
-7.259293766210233;1600
-6.23084850389119;1600
-5.8230141342592905;1600
-6.2163852209749715;1600
-7.210264081411509;1600
-6.917973448772197;1600
-6.8529069347978275;1600
-7.623135114473418;1600
-8.080375053434283;1600
-7.520149083681187;1600
-8.156527761167519;1600
-7.698281501498998;1600
-7.337555221808048;1600
-8.17321884519612;1600
-7.786775958528419;1600
-7.688034788969217;1600
-7.9290470339898285;1600
-7.798483640503677;1600
-7.732239624034638;1600
-7.305150230272031;1600
-7.693830658160748;1600
-7.068059531422819;1600
-6.504441660662186;1600
-6.544821601105778;1600
-6.232149633982192;1600
-5.8884513416826705;1600
-5.5297993889453245;1600
-5.981829608702037;1600
-5.137828514622659;1600
-5.345572715374664;1600
-5.852117916081559;1600
-5.758235730066569;1600
-6.561196259577506;1600
-7.256534235183636;1600
-8.12489654859071;1600
-7.039725208693124;1600
-7.229301084243275;1600
-6.15815142500001;1600
-5.971069544509161;1600
-7.116436392032822;1600
-7.239632070780132;1625
-6.940263851420698;1625
-7.374356296836332;1625
-8.614297384706916;1625
-8.687314100639648;1625
-9.102741838126397;1625
-9.485860969824975;1625
-8.910128766584325;1625
-9.41832088676501;1625
-8.65751816303787;1625
-7.45677534156601;1625
-7.307822228601384;1625
-8.9459720650413;1625
-8.639847514676648;1625
-8.93851545254114;1625
-8.510370094637821;1625
-9.29674327668356;1625
-9.039261084209304;1625
-7.598409428359929;1625
-7.927071339728995;1625
-8.612534204575857;1625
-8.575709780486743;1625
-10.564374087536606;1625
-9.28069583428386;1625
-9.297831288141566;1625
-9.964505721124562;1625
-10.108692538792697;1625
-8.712061384368072;1625
-8.239188311885716;1625
-7.620859369977751;1625
-8.154099903375712;1625
-8.433918734537318;1625
-6.065016996276897;1625
-6.616789310204121;1625
-5.989938404840495;1625
-6.873372106585843;1625
-5.588881032318958;1625
-5.373720737178908;1625
-5.120550411162322;1625
-6.2360826200805235;1625
-5.119246604867021;1625
-6.006931136660546;1625
-6.570889426130544;1625
-6.244111743170716;1625
-6.737131967747135;1625
-7.436086575209341;1625
-7.716215479483593;1625
-9.044075814573683;1625
-9.015887074708008;1625
-8.134330445146512;1625
-8.209702965223181;1625
-7.725339972468052;1625
-7.183969877737742;1625
-6.745528462950392;1625
-7.191105592384954;1625
-8.121063283788732;1625
-7.04264394573919;1625
-7.1171610327445025;1625
-6.92757062041726;1625
-6.952503174098436;1625
-6.987184451916399;1625
-6.578789149221989;1625
-6.745748645252019;1625
-7.083073109729397;1625
-6.771483219671183;1625
-6.533292527878623;1625
-7.174136884075567;1625
-4.369531929539288;1625
-5.707529740639105;1625
-6.443795664982857;1625
-7.105338298463513;1625
-7.397365739497606;1625
-7.200610944758879;1625
-6.661377699672607;1625
-7.31033889279069;1625
-7.67876205082622;1625
-5.799783191975753;1625
-5.548459486860487;1625
-6.180530780259667;1625
-5.682874097781005;1625
-6.437031875468001;1625
-6.965237354545835;1625
-7.1640180366773665;1625
-7.352496901649861;1625
-8.009596406896948;1625
-7.513895997375007;1625
-8.143136832156713;1625
-7.983356654272499;1625
-7.57773361368203;1625
-7.5116367806841575;1625
-7.85114782667044;1625
-7.8231243499776815;1625
-7.752036364366033;1625
-9.553232083305797;1625
-9.012126327925177;1625
-9.34992407041539;1625
-9.025705869750741;1625
-8.449983075061818;1625
-8.61723775930863;1650
-8.17325755258753;1650
-8.884433973466553;1650
-9.706022557238633;1650
-10.031058563309346;1650
-10.931418892663425;1650
-11.421309713369622;1650
-11.403076358218158;1650
-11.47424257528152;1650
-11.08311967967141;1650
-11.445126049982104;1650
-11.348876023645797;1650
-11.86446519333345;1650
-12.17003764442523;1650
-11.461836629210868;1650
-11.925320014581953;1650
-11.71704336710766;1650
-8.87490826371;1650
-10.64371631052799;1650
-11.04832206105286;1650
-11.02866154764513;1650
-11.064595224642057;1650
-10.636022103722851;1650
-10.46001044230905;1650
-10.241272623971467;1650
-9.665440359794603;1650
-9.50420258157209;1650
-10.531310373975165;1650
-11.983385997641005;1650
-10.72156968619653;1650
-10.518628287421848;1650
-11.366577199347756;1650
-11.239083995403496;1650
-11.396827178480317;1650
-13.254125052040495;1650
-13.152382943462523;1650
-12.132868560515993;1650
-12.013922366422426;1650
-11.378970048543815;1650
-11.026301891811238;1650
-11.11493705623235;1650
-12.21030039985072;1650
-12.623158029687042;1650
-12.637594017414457;1650
-12.030117525086746;1650
-11.398011824572185;1650
-11.521764936814128;1650
-11.583702173699743;1650
-12.5231962459359;1650
-13.04192756876216;1650
-11.970864383098261;1650
-12.246110419687136;1650
-12.620406080646246;1650
-12.240584407413115;1650
-12.4356371572024;1650
-13.216391310972757;1650
-14.209822890627182;1650
-13.320391257720656;1650
-13.013009894399524;1650
-11.835059380532536;1650
-12.376463546389882;1650
-12.643947698162892;1650
-12.897298370309771;1650
-13.53119759887814;1650
-13.368871051712809;1650
-12.470892981401951;1650
-11.317778396242256;1650
-11.909775808390393;1650
-12.31354743559686;1650
-13.415410664323538;1650
-13.50615680815566;1650
-13.95242153004647;1650
-12.559523277289244;1650
-11.809499867394432;1650
-11.297703526269213;1650
-11.460953001542554;1650
-12.095280018923386;1650
-12.682619084385017;1650
-14.622444795738618;1650
-18.430686747529432;1650
-19.794544769175918;1650
-20.29999528547072;1650
-20.461989425436876;1650
-20.045674924375483;1650
-20.508828107240518;1650
-19.559657218562748;1650
-21.17097873317357;1650
-22.811292124088798;1650
-21.524618412644134;1650
-20.740288716337744;1650
-19.159965692228788;1650
-20.47917293434927;1650
-20.26068449653104;1650
-20.051471669104117;1650
-18.467485640179007;1650
-18.66643955971949;1650
-17.543617030846658;1650
-16.52851161304594;1675
-17.206599641558853;1675
-17.638213497285566;1675
-18.81169739192435;1675
-18.659763996834467;1675
-19.363043966518248;1675
-17.792338809951424;1675
-18.036830055511796;1675
-18.689743683335497;1675
-17.533117728802726;1675
-17.240537332151774;1675
-18.833085064140143;1675
-20.86382428324513;1675
-20.206347377597105;1675
-21.756896405868137;1675
-24.307941854331006;1675
-24.368707767093635;1675
-25.10280561001312;1675
-26.431105063076853;1675
-26.63672383333907;1675
-25.9618926257978;1675
-26.478809828606487;1675
-27.121787864838424;1675
-27.492976574192106;1675
-28.96738838882311;1675
-33.04026149447785;1675
-34.741109076764;1675
-37.37523217535506;1675
-38.87802945566699;1675
-37.31481591356362;1675
-41.172979656355885;1675
-48.8161473913383;1675
-55.842265146418924;1675
-66.46821686061396;1675
-65.53313194275245;1675
-49.47085576426951;1675
-48.03510461196486;1675
-57.40839040818797;1675
-49.96799878521433;1675
-45.22871243646842;1675
-49.245268982530284;1675
-43.10541864446534;1675
-43.40297147032645;1675
-39.76774215026463;1675
-38.4696970070567;1675
-38.18443721841128;1675
-38.33863863907852;1675
-38.03398706362791;1675
-39.022741385251734;1675
-40.26617568976248;1675
-37.35796847262898;1675
-35.09956933373224;1675
-36.60032894475077;1675
-33.63907413031344;1675
-35.835527862973926;1675
-37.616961231080836;1675
-32.241995210600635;1675
-30.87844955282719;1675
-28.72025268228955;1675
-30.882161241552588;1675
-30.017042064538863;1675
-30.090511864605276;1675
-32.48730006176624;1675
-33.4997793164282;1675
-33.55628458493883;1675
-33.81223910198792;1675
-33.00069095702683;1675
-33.38877793579639;1675
-31.473105381184364;1675
-32.69382873899995;1675
-34.17078976803539;1675
-34.90649393521938;1675
-37.09177509693423;1675
-37.763400270298995;1675
-40.60978674166363;1675
-38.37143989802095;1675
-38.800977003936836;1675
-38.00354992720234;1675
-38.00621107094287;1675
-36.15183521480514;1675
-36.174191932627274;1675
-31.449469731554423;1675
-30.440952113450283;1675
-28.757460986478538;1675
-29.54828763790925;1675
-31.36983805779808;1675
-31.672793707125948;1675
-32.932843732074;1675
-35.355641923522285;1675
-36.15741405517764;1675
-34.65718856686506;1675
-31.713765333396378;1675
-31.43427453635669;1675
-29.295463449331006;1675
-27.888165151038105;1675
-29.865183718260727;1675
-30.466991597133163;1675
-32.46453986382208;1675
